  12 # base-pairs
   0 # ***local base-pair & step parameters***
#        Shear    Stretch   Stagger   Buckle   Prop-Tw   Opening     Shift     Slide     Rise      Tilt      Roll      Twist
C-G     -0.078    -0.057    -0.617     6.703   -28.705     5.498     0.000     0.000     0.000     0.000     0.000     0.000
G-C     -0.167     0.010     0.474     5.641    -1.098    -1.123    -0.336    -0.032     3.437   -11.921    12.691    34.385
C-G      0.862    -0.187     0.201    -0.118    -7.451    -2.077     0.065    -0.820     3.443     1.761     4.009    40.563
G-C     -0.116     0.064     0.180    10.393     5.457     0.092     0.428    -1.045     3.003    -1.376     0.080    24.809
A-t      0.679    -0.046    -1.003   -11.665    -3.588    -2.333    -0.109    -1.273     3.979     9.365     9.054    40.041
A-t      0.445     0.044    -0.717    -2.625     1.878    -0.194     0.432    -0.963     3.202    -2.505     0.620    28.676
t-A     -0.444     0.044    -0.718     2.630     1.901    -0.188     0.000    -1.622     3.286     0.010     1.966    24.841
t-A     -0.679    -0.046    -1.003    11.663    -3.600    -2.338    -0.432    -0.963     3.202     2.498     0.627    28.671
C-G      0.117     0.064     0.181   -10.397     5.477     0.085     0.109    -1.273     3.980    -9.368     9.061    40.046
G-C     -0.863    -0.187     0.202     0.125    -7.440    -2.073    -0.427    -1.045     3.002     1.370     0.070    24.803
C-G      0.167     0.010     0.474    -5.636    -1.097    -1.116    -0.065    -0.820     3.443    -1.748     4.006    40.562
G-C      0.079    -0.057    -0.617    -6.694   -28.714     5.484     0.335    -0.032     3.437    11.915    12.694    34.392
